All warnings have the state 'off'.
 
Standard A&vW gravity estimation 
 
missing number of trade flows 135

beta =

  -27.2768
    0.1731
    0.1772
    0.2280
   -0.4308
   -0.3410
   -0.4867


resnorm =

   1.6056e+04


exitflag =

     1


output = 

  <a href="matlab:helpPopup struct" style="font-weight:bold">struct</a> with fields:

       iterations: 2
        funcCount: 24
         stepsize: 0.0085
     cgiterations: []
    firstorderopt: 8.5511e-06
        algorithm: 'levenberg-marquardt'
          message: 'Local minimum found.Optimization completed because the size of the gradient is less than1e-4 times the selected value of the function tolerance.Stopping criteria details:Optimization completed: The first-order optimality measure, 7.984545e-12,is less than 1e-4*options.FunctionTolerance = 1.000000e-08.Optimization Metric                                       Optionsrelative norm(gradient) =   7.98e-12     1e-4*FunctionTolerance =   1e-08 (selected)'

   1    1 4.36e+12
   2    1 2.23e+12
   3    1 9.54e+11
   4    1 4.38e+11
   5    1 1.96e+11
   6    1 8.84e+10
   7    1 3.98e+10
   8    1 1.79e+10
   9    1 8.06e+09
  10    1 3.63e+09
  11    1 1.64e+09
  12    1 7.37e+08
  13    1 3.32e+08
  14    1 1.51e+08
  15    1 7.07e+07
  16    1 3.79e+07
  17    1 2.88e+07
  18    1 2.83e+07
  19   25 2.83e+07
  20    1 8.05e+06
  21    1 3.85e+06
  22    1 1.49e+06
  23    1 5.66e+05
  24    1 7.33e+04
  25    1 2.83e+04
  26    1 4.67e+03
  27    1 2.55e+03
  28    1 6.16e+02
  29    1 1.60e+02
  30    1 2.65e+01
  31    1 1.42e+01
  32    1 9.94e-01
  33    1 1.25e-01
  34    1 3.62e-02
  35    1 6.66e-03
  36    1 5.76e-04
  37    1 7.87e-05
  38    1 1.44e-05
  39    1 2.47e-06
  40    1 7.51e-07
  41    1 3.96e-08
  42    1 1.33e-08
  43    1 1.02e-08
  44    1 3.73e-09
Elapsed time is 0.176842 seconds.

beta =

   -1.7819
    0.1159
    0.2009
    0.3554
   -0.4838
   -0.8547
   -0.5863


resnorm =

   2.1084e+04


exitflag =

     1


output = 

  <a href="matlab:helpPopup struct" style="font-weight:bold">struct</a> with fields:

       iterations: 2
        funcCount: 24
         stepsize: 0.0076
     cgiterations: []
    firstorderopt: 1.0719e-04
        algorithm: 'levenberg-marquardt'
          message: 'Local minimum found.Optimization completed because the size of the gradient is less than1e-4 times the selected value of the function tolerance.Stopping criteria details:Optimization completed: The first-order optimality measure, 2.478304e-11,is less than 1e-4*options.FunctionTolerance = 1.000000e-08.Optimization Metric                                       Optionsrelative norm(gradient) =   2.48e-11     1e-4*FunctionTolerance =   1e-08 (selected)'

   1    1 4.53e+05
   2    1 3.47e+05
   3    1 3.50e+04
   4    1 1.95e+04
   5    1 7.75e+03
   6    1 6.88e+02
   7    1 2.24e+02
   8    1 2.31e+01
   9    1 1.19e+01
  10    1 1.75e+00
  11    1 4.79e-01
  12    1 1.39e-01
  13    1 9.41e-03
  14    1 4.80e-03
  15    1 2.63e-04
  16    1 1.64e-04
  17    1 2.04e-05
  18    1 5.04e-06
  19    1 6.71e-07
  20    1 2.58e-07
  21    1 2.56e-08
  22    1 9.31e-09
Elapsed time is 0.054575 seconds.

beta =

   -1.1981
    0.1239
    0.1904
    0.3497
   -0.5544
   -0.9168
   -0.5657


resnorm =

   2.0651e+04


exitflag =

     1


output = 

  <a href="matlab:helpPopup struct" style="font-weight:bold">struct</a> with fields:

       iterations: 2
        funcCount: 24
         stepsize: 1.7056e-04
     cgiterations: []
    firstorderopt: 2.6701e-04
        algorithm: 'levenberg-marquardt'
          message: 'Local minimum found.Optimization completed because the size of the gradient is less than1e-4 times the selected value of the function tolerance.Stopping criteria details:Optimization completed: The first-order optimality measure, 4.106667e-09,is less than 1e-4*options.FunctionTolerance = 1.000000e-08.Optimization Metric                                       Optionsrelative norm(gradient) =   4.11e-09     1e-4*FunctionTolerance =   1e-08 (selected)'

   1    1 3.65e+03
   2    1 3.02e+02
   3    1 1.06e+01
   4    1 3.27e-01
   5    1 2.88e-02
   6    1 8.91e-04
   7    1 3.21e-05
   8    1 1.53e-06
   9    1 2.29e-08
  10    1 1.40e-09
Elapsed time is 0.046339 seconds.

beta =

   -1.1978
    0.1248
    0.1845
    0.3521
   -0.5718
   -0.9273
   -0.5486


resnorm =

   2.0780e+04


exitflag =

     4


output = 

  <a href="matlab:helpPopup struct" style="font-weight:bold">struct</a> with fields:

       iterations: 2
        funcCount: 17
         stepsize: 3.2950e-06
     cgiterations: []
    firstorderopt: 1.7449e-04
        algorithm: 'levenberg-marquardt'
          message: 'Local minimum possible.lsqnonlin stopped because the relative size of the current step is less thanthe selected value of the step size tolerance.Stopping criteria details:Optimization stopped because the relative norm of the current step, 1.872562e-06,is less than options.StepTolerance = 1.000000e-04.Optimization Metric                                    Optionsrelative norm(step) =   1.87e-06                 StepTolerance =   1e-04 (selected)'

   1    1 7.00e+02
   2    1 1.90e+01
   3    1 1.81e-01
   4    1 4.39e-03
   5    1 5.66e-05
   6    1 1.10e-06
   7    1 2.61e-08
   8    1 1.40e-09
Elapsed time is 0.047871 seconds.

beta =

   -1.1702
    0.1256
    0.1819
    0.3527
   -0.5783
   -0.9272
   -0.5413


resnorm =

   2.0788e+04


exitflag =

     3


output = 

  <a href="matlab:helpPopup struct" style="font-weight:bold">struct</a> with fields:

       iterations: 1
        funcCount: 16
         stepsize: 0.0295
     cgiterations: []
    firstorderopt: 2.2191e-04
        algorithm: 'levenberg-marquardt'
          message: 'Local minimum possible.lsqnonlin stopped because the final change in the sum of squares relative to its initial value is less than the selected value of the function tolerance.Stopping criteria details:Optimization stopped because the relative sum of squares (r) is changingby less than options.FunctionTolerance = 1.000000e-04.Optimization Metric                                  Optionsrelative change r =   6.35e-05             FunctionTolerance =   1e-04 (selected)'

   1    1 1.78e+02
   2    1 1.81e+00
   3    1 1.16e-02
   4    1 1.91e-05
   5    1 2.30e-07
   6    1 1.40e-09
Elapsed time is 0.061215 seconds.

beta =

   -1.1649
    0.1259
    0.1810
    0.3530
   -0.5799
   -0.9245
   -0.5388


resnorm =

   2.0790e+04


exitflag =

     3


output = 

  <a href="matlab:helpPopup struct" style="font-weight:bold">struct</a> with fields:

       iterations: 1
        funcCount: 16
         stepsize: 0.0067
     cgiterations: []
    firstorderopt: 2.9515e-04
        algorithm: 'levenberg-marquardt'
          message: 'Local minimum possible.lsqnonlin stopped because the final change in the sum of squares relative to its initial value is less than the selected value of the function tolerance.Stopping criteria details:Optimization stopped because the relative sum of squares (r) is changingby less than options.FunctionTolerance = 1.000000e-04.Optimization Metric                                  Optionsrelative change r =   3.03e-06             FunctionTolerance =   1e-04 (selected)'

   1    1 1.17e+02
   2    1 7.66e-01
   3    1 5.39e-04
   4    1 1.01e-06
   5    1 1.40e-09
Elapsed time is 0.053556 seconds.

beta =

   -1.1634
    0.1260
    0.1806
    0.3531
   -0.5801
   -0.9222
   -0.5381


resnorm =

   2.0788e+04


exitflag =

     3


