
a0 =

   -6.1327
    2.9796
    1.4012
    0.9562
   -0.1902
    0.0256
   -0.3669
   -0.0655
   -0.3018
   -0.0090
    0.4599
    0.1967
    0.2732
    0.0287
    0.2643
    0.2111
    0.1608
    0.1612
   -0.0049


b0 =

   -3.1909
   -0.1216
   -0.1291
    0.4055
    0.4799
    0.1407
    1.0394
    0.3281
    0.5689
    0.4776
   -0.2043
    0.1498
   -0.0206
   -0.0973
    0.1781
    0.0269


w0 =

    1.1000
    5.0000
    3.0000

 
Optimization terminated:
 the current x satisfies the termination criteria using OPTIONS.TolX of 1.000000e-04 
 and F(X) satisfies the convergence criteria using OPTIONS.TolFun of 1.000000e-04 

 
Optimization terminated:
 the current x satisfies the termination criteria using OPTIONS.TolX of 1.000000e-04 
 and F(X) satisfies the convergence criteria using OPTIONS.TolFun of 1.000000e-04 

 
Coefficient estimate of (a) equation (1984-1989)
                n = 5        n = 10 
intercept       -6.7119      -9.1641
dexp_1           2.4046       2.1285
dexp_2           1.0112       0.8144
dexp_3           0.5883       0.3845
d85             -0.1137      -0.1603
d86              0.0859       0.0822
d87             -0.2644      -0.3660
d88              0.0029      -0.0400
d89             -0.2927      -0.3260
dcorp            0.0382       0.2362
dtextile         0.4425       0.7398
dpaper           0.0762       0.2761
dchemical        0.4247       0.6381
dmed             0.1020      -0.0148
dother           0.3224       0.4590
lnage            0.2126       0.3796
lnw_1            0.0780       0.2589
lnk_1            0.2772       0.2688
lnpe_1          -0.0286       0.0054
 
Coefficient estimate of (b) equation (1981-1983)
                n = 5        n = 10 
intercept      -20.2798     -26.3246
d82              0.2474      -0.7796
d83              0.3686      -0.7665
dcorp            1.4908       3.4816
dtextile         0.7459       3.0331
dpaper          -0.0117      -0.2879
dchemical        2.0494       5.9913
dmed            -0.0107      -0.0353
dother           1.1753       2.6515
lnage            1.4540       2.2390
lnw_1            0.2130      -0.3477
lnk_1            0.1445       0.1971
lnpe_1           0.0228      -0.2813
lnw_2           -0.0802      -0.0935
lnk_2            0.8221       1.2009
lnpe_2           0.0303      -0.1067
 
Covariance matrix estimate
Quadrature point: n = 5
    0.3914    1.9365
    1.9365   15.1199

Quadrature point: n = 10
    0.8576    6.5247
    6.5247   62.4822

Log-likelihood function value
                n = 5        n = 10 
              -860.4066    -842.3815
   -5.6491   -7.0390
    1.3121    1.6349
    0.5020    0.6256
    0.2370    0.2953
   -0.0988   -0.1231
    0.0507    0.0631
   -0.2256   -0.2811
   -0.0247   -0.0307
   -0.2010   -0.2504
    0.1456    0.1815
    0.4561    0.5683
    0.1702    0.2121
    0.3933    0.4901
   -0.0091   -0.0113
    0.2829    0.3525
    0.2340    0.2916
    0.1596    0.1989
    0.1657    0.2064
    0.0033    0.0042

